     0.00000000      0.00000000      0.00000000      0.00000000      0.00000000     -2.80000000      4.06827442      1.60237061      4.23716918     -0.06237179     -2.13100485      0.52442341      4.14929798      0.62795302      1.35291704      2.41363879     -0.74221432      0.93694817      0.40511544      4.25540704      5.92757384      1.43772591     -0.24388579      1.12566768     -185.43757405
     0.00000000      0.00000000      0.00000000      0.00000000      0.00000000     -2.80000000      1.08799390      4.49412486      6.25160620      1.35578234     -1.49638829      1.12906221      2.51487770      2.11781084      3.07988987      1.64019972     -0.47551820      2.18946187      6.10173788      2.25223842      3.62025014     -0.74972973     -0.63397077      0.95407717     -185.43387479
     0.00000000      0.00000000      0.00000000      0.00000000      0.00000000     -2.80000000      3.17261612      6.01250006      2.90502052     -1.50707671     -1.59908525      1.41875368      3.08823093      0.09632475      0.44986667     -0.70667450     -1.90213303      0.62841480      0.62246790      0.70319794      3.20652020      0.32510933     -1.94980501      1.97514545     -185.43374523
     0.00000000      0.00000000      0.00000000      0.00000000      0.00000000     -2.80000000      4.90249544      3.15622177      2.88476490      2.18187222      1.60846731      0.16309624      4.26354749      4.56564234      0.34308586      0.61380503     -1.18772591      0.68733906      0.64948584      0.10750075      1.78110540      1.97040141      1.42222049      2.21867877     -185.43204151
     0.00000000      0.00000000      0.00000000      0.00000000      0.00000000     -2.80000000      5.21433382      4.69930962      3.55511465      1.35564056      0.99099162      2.17490498      2.32307333      3.28468024      4.82721234      0.16567007      0.42149781      2.06104963      4.01104422      0.72818489      2.24196564     -1.93256492     -1.46884996      1.82248912     -185.43716785
     0.00000000      0.00000000      0.00000000      0.00000000      0.00000000     -2.80000000      2.24954150      2.62048925      0.85657611     -1.32758321     -1.57565039      2.38675297      2.56944457      5.20119983      6.25215593     -0.63574600      0.97307141      1.74948425      0.80502729      3.20107912      2.13469524     -1.47286508      2.16305696      1.96457986     -185.44038771
     0.00000000      0.00000000      0.00000000      0.00000000      0.00000000     -2.80000000     -0.68002624      4.51123026      6.01498493     -0.23414246     -3.35691920      2.21500476      1.50781841      1.94478402      5.99578475      1.30845303      0.53953858      2.89286420      7.13330366      3.90514395      4.09205791     -2.64856376     -0.69419654      0.62514933     -185.43673466
     0.00000000      0.00000000      0.00000000      0.00000000      0.00000000     -2.80000000      3.08302218      3.15120509      6.58103121      3.92430260      0.95209107      1.91181813      1.79320313      5.30059829      7.39331099      2.34554037      1.80169528      3.52276227      9.02959525      2.32623204      2.62805865     -2.92600296     -0.03015754      0.86312167     -185.43429413
     0.00000000      0.00000000      0.00000000      0.00000000      0.00000000     -2.80000000      2.46510154      4.55997192      3.93488027      0.14690919     -1.11578455      1.26559279      2.95323428      2.20227623      2.26283461      0.40518187     -0.85013229      1.40284209      2.80166286      1.57189648      3.02653255     -0.11762435     -0.40723892      1.60634596     -185.43725420
     0.00000000      0.00000000      0.00000000      0.00000000      0.00000000     -2.80000000      1.87924602      2.91137503      3.70296373     -0.54135250     -2.35454117      1.70871905      2.74218402      2.59126976      4.53359979      1.02880846      0.25678897      1.85977189      2.78119848      3.78721946      4.05147160     -0.89456681      0.40829326      1.23845183     -185.43370800
